97.89325843	97.03703704	98.41628959	83.05084746	81.96721311	83.62068966
97.47191011	96.26865672	98.1981982	83.61581921	76.19047619	87.71929825
99.29775281	98.48484848	99.77678571	94.91525424	91.04477612	97.27272727
97.33146067	97.00374532	97.52808989	88.13559322	79.6875	92.92035398
98.31460674	98.12734082	98.42696629	87.00564972	78.125	92.03539823
97.89325843	97.41697417	98.18594104	90.96045198	78.33333333	97.43589744
97.0505618	95.41984733	98	88.13559322	81.15942029	92.59259259
98.03370787	97.35849057	98.43400447	81.92090395	69.6969697	89.18918919
99.01685393	97.59036145	99.78401728	87.57062147	76.82926829	96.84210526
97.61235955	97.41697417	97.7324263	85.87570621	80	88.88888889
98.03370787	96.5648855	98.88888889	89.26553672	84.05797101	92.59259259
98.31460674	98.12030075	98.43049327	89.26553672	87.69230769	90.17857143
97.89325843	97.46376812	98.16513761	86.44067797	76.36363636	90.98360656
98.1741573	98.4496124	98.01762115	82.48587571	64.38356164	95.19230769
98.73595506	98.49056604	98.88143177	94.35028249	89.39393939	97.2972973
97.47191011	96.01449275	98.39449541	81.3559322	78.18181818	82.78688525
99.29775281	98.89298893	99.54648526	92.65536723	95	91.45299145
98.1741573	97.76119403	98.42342342	87.57062147	84.12698413	89.47368421
99.71910112	100	99.5584989	96.04519774	94.44444444	97.14285714
98.31460674	97.35849057	98.88143177	92.09039548	86.36363636	95.4954955
					
98.20224719	97.56202876	98.58353131	88.13559322	81.65211281	92.05567149
0.708282756	1.057834434	0.655099033	4.391580795	7.695446256	4.360320322
