98.31460674	98.46743295	98.22616408	91.52542373	91.42857143	91.58878505
97.19101124	96.2962963	97.73755656	83.61581921	75.40983607	87.93103448
99.15730337	98.46743295	99.55654102	94.91525424	90	98.13084112
99.71910112	100	99.55752212	96.61016949	94.36619718	98.11320755
100	100	100	100	100	100
98.31460674	97.41697417	98.86621315	89.83050847	85	92.30769231
97.75280899	96.89922481	98.23788546	90.96045198	90.4109589	91.34615385
99.57865169	99.24528302	99.77628635	94.35028249	95.45454545	93.69369369
97.47191011	95.50561798	98.65168539	84.18079096	76.5625	88.49557522
99.01685393	97.79411765	99.77272727	97.17514124	93.22033898	99.15254237
98.73595506	98.83268482	98.68131868	81.92090395	72.97297297	88.34951456
98.31460674	96.21212121	99.55357143	87.57062147	77.6119403	93.63636364
98.03370787	96.92307692	98.67256637	85.87570621	77.46478873	91.50943396
100	100	100	100	100	100
99.01685393	99.63099631	98.63945578	92.09039548	90	93.16239316
100	100	100	99.43502825	100	99.12280702
98.87640449	98.87640449	98.87640449	90.39548023	87.5	92.03539823
98.59550562	97.36842105	99.32735426	90.39548023	83.07692308	94.64285714
97.75280899	98.13432836	97.52252252	81.3559322	79.36507937	82.45614035
98.31460674	98.50187266	98.20224719	89.83050847	87.5	91.15044248
					
98.70786517	98.22861428	98.99290111	91.10169492	87.36723262	93.34124381
0.856868804	1.391849805	0.771836662	5.842316322	8.630581381	4.688501702
