100	100	100	96.61016949	98.55072464	95.37037037
99.71910112	99.62406015	99.77578475	97.17514124	95.38461538	98.21428571
100	100	100	100	100	100
99.29775281	98.46153846	99.77876106	97.74011299	94.36619718	100
99.85955056	99.62546816	100	99.43502825	98.4375	100
99.15730337	99.2481203	99.10313901	88.70056497	86.15384615	90.17857143
98.87640449	98.10606061	99.33035714	93.78531073	85.07462687	99.09090909
98.03370787	97.34848485	98.4375	92.09039548	89.55223881	93.63636364
97.61235955	95.03816794	99.11111111	83.05084746	79.71014493	85.18518519
98.1741573	97.05882353	98.86363636	90.39548023	79.66101695	95.76271186
99.43820225	98.86792453	99.77628635	94.35028249	90.90909091	96.3963964
97.61235955	96.484375	98.24561404	90.39548023	85.33333333	94.11764706
97.75280899	96.22641509	98.65771812	87.57062147	83.33333333	90.09009009
98.31460674	98.14814815	98.41628959	87.00564972	81.96721311	89.65517241
98.31460674	98.87218045	97.98206278	85.31073446	83.07692308	86.60714286
97.89325843	96.60377358	98.65771812	89.26553672	87.87878788	90.09009009
100	100	100	100	100	100
98.45505618	97.72727273	98.88392857	85.87570621	80.59701493	89.09090909
99.71910112	99.2481203	100	96.04519774	89.23076923	100
98.87640449	98.14126394	99.3227991	92.09039548	90.32258065	93.04347826
					
98.85533708	98.24150989	99.21713531	92.34463277	88.97699787	94.32646618
0.863717468	1.424563333	0.674072257	5.218368483	6.86936962	4.887388984
