96.62921348	95.47169811	97.31543624	83.05084746	74.24242424	88.28828829
98.31460674	97.27626459	98.9010989	85.87570621	85.13513514	86.40776699
99.85955056	99.63636364	100	98.30508475	94.64285714	100
97.47191011	97.2972973	97.57174393	87.00564972	80.55555556	91.42857143
96.62921348	96.32352941	96.81818182	76.27118644	67.79661017	80.50847458
99.15730337	98.49056604	99.55257271	91.52542373	83.33333333	96.3963964
99.43820225	99.61538462	99.33628319	97.17514124	97.18309859	97.16981132
99.85955056	100	99.77477477	98.8700565	100	98.24561404
98.03370787	97.30769231	98.45132743	90.39548023	85.91549296	93.39622642
99.57865169	99.25650558	99.77426637	98.8700565	96.77419355	100
96.48876404	93.93939394	97.99107143	73.44632768	68.65671642	76.36363636
98.73595506	98.52398524	98.86621315	89.26553672	88.33333333	89.74358974
98.87640449	98.48484848	99.10714286	87.57062147	82.08955224	90.90909091
98.31460674	97.68339768	98.67549669	80.79096045	76.38888889	83.80952381
97.89325843	96.19771863	98.88641425	81.92090395	75	86.23853211
98.03370787	97.69230769	98.2300885	88.13559322	94.36619718	83.96226415
98.1741573	98.88888889	97.73755656	84.74576271	83.60655738	85.34482759
96.62921348	95.20295203	97.50566893	76.27118644	73.33333333	77.77777778
98.73595506	98.4962406	98.87892377	94.91525424	92.30769231	96.42857143
100	100	100	100	100	100
					
98.34269663	97.78925174	98.66871307	88.22033898	84.98304859	90.12094817
1.14156244	1.68927268	0.945118269	8.123928185	10.27291934	7.496186244
