100	100	100	100	100	100
100	100	100	100	100	100
100	100	100	98.8700565	98.27586207	99.15966387
97.47191011	97.0260223	97.74266366	84.18079096	82.25806452	85.2173913
99.57865169	99.22779923	99.77924945	96.04519774	91.66666667	99.04761905
99.71910112	99.25650558	100	98.30508475	100	97.39130435
97.61235955	97.7443609	97.53363229	85.87570621	78.46153846	90.17857143
98.31460674	97.47292419	98.85057471	90.39548023	83.33333333	93.49593496
100	100	100	100	100	100
99.85955056	99.62962963	100	99.43502825	100	99.13793103
99.57865169	98.83268482	100	98.30508475	97.2972973	99.02912621
99.85955056	100	99.77324263	100	100	100
100	100	100	100	100	100
99.43820225	99.61832061	99.33333333	94.35028249	95.65217391	93.51851852
99.85955056	100	99.7706422	100	100	100
99.15730337	98.89298893	99.31972789	95.48022599	91.66666667	97.43589744
99.29775281	98.45559846	99.77924945	93.22033898	84.72222222	99.04761905
99.29775281	100	98.88888889	97.74011299	100	96.2962963
97.61235955	96.9924812	97.98206278	84.18079096	76.92307692	88.39285714
99.71910112	99.62406015	99.77578475	98.8700565	100	98.21428571
					
99.31882022	99.1386688	99.4264526	95.76271186	94.0128451	96.77815082
0.856474932	1.053126681	0.807406318	5.432951322	8.187164246	4.358355917
