99.29775281	98.10606061	100	92.65536723	88.05970149	95.45454545
99.85955056	100	99.77324263	99.43502825	100	99.14529915
100	100	100	98.30508475	98.24561404	98.33333333
100	100	100	100	100	100
100	100	100	100	100	100
99.71910112	99.61389961	99.77924945	97.74011299	100	96.19047619
99.85955056	100	99.77578475	96.04519774	95.38461538	96.42857143
99.71910112	99.24528302	100	96.61016949	90.90909091	100
100	100	100	98.30508475	100	97.27272727
99.01685393	99.2481203	98.87892377	94.35028249	95.38461538	93.75
98.73595506	97.70992366	99.33333333	84.18079096	81.15942029	86.11111111
100	100	100	100	100	100
100	100	100	100	100	100
99.71910112	99.64157706	99.76905312	94.35028249	90.38461538	96
99.71910112	99.61977186	99.77728285	97.17514124	95.58823529	98.16513761
100	100	100	99.43502825	98.27586207	100
99.43820225	98.51301115	100	92.09039548	85.48387097	95.65217391
100	100	100	100	100	100
100	100	100	97.17514124	94.20289855	99.07407407
99.71910112	99.25093633	100	97.74011299	93.75	100
					
99.74016854	99.54742918	99.8543435	96.77966102	95.34142699	97.57887248
0.359596182	0.690702011	0.283799558	3.858476025	5.572946866	3.346083759
